week(begin_timestamp,1) year(begin_timestamp) beijing_duration beijing_distance beijing_vehicles year(begin_timestamp) disney_duration disney_distance disney_vehicles year(begin_timestamp) auto_duration auto_distance auto_vehicles year(begin_timestamp) innovation_duration innovation_distance innovation_vehicles year(begin_timestamp) boschung_duration boschung_distance boschung_vehicles year(begin_timestamp) walmart_duration walmart_distance walmart_vehicles year(begin_timestamp) guangzhou_duration guangzhou_distance guangzhou_vehicles year(begin_timestamp) anting_duration anting_distance anting_vehicles year(begin_timestamp) songjiang_duration songjiang_distance songjiang_vehicles year(begin_timestamp) suzhou_duration suzhou_distance suzhou_vehicles
29 2020 21.0000 64.41512 1 2020 7.3833 23.16561 1 2020 25.1167 117.52701 1 2020 8.0833 21.74509 1 2020 11.1833 2.308 1 2020 9.8500 17.29752 1 2020 42.5500 124.43347000000001 9
30 2020 15.7833 47.0748 1 2020 4.3167 12.99302 1 2020 26.3833 123.42271000000001 1 2020 9.0833 21.20805 1 2020 4.3000 0.54762 1 2020 3.2500 5.21124 1 2020 98.5333 221.02162000000004 9
31 2020 8.5333 28.408620000000003 1 2020 4.7833 15.392809999999999 1 2020 31.2000 143.40558000000001 1 2020 8.1667 25.244529999999997 1 2020 3.1833 3.2731500000000002 1 2020 13.5333 25.20852 1 2020 73.3333 205.28006999999988 8
32 2020 18.7833 62.14653 1 2020 6.4833 20.45546 1 2020 27.1333 126.65798000000001 1 2020 7.9667 25.10507 1 2020 19.8333 35.363710000000005 1 2020 79.0000 219.05182000000002 8
33 2020 21.7000 71.26853999999999 1 2020 6.4667 19.67479 1 2020 22.9000 84.33122 2 2020 8.5500 23.208409999999997 2 2020 4.9500 1.52754 1 2020 24.9167 46.30457 1 2020 3.3833 8.421899999999999 2 2020 10.1000 31.46794 1 2020 91.8500 281.35164999999995 8
34 2020 14.7667 47.611369999999994 1 2020 7.8167 23.13383 1 2020 27.5333 125.75523 1 2020 9.8167 23.43832 1 2020 17.7000 35.93911 1 2020 19.2000 62.189519999999995 2 2020 63.9500 184.51892999999998 6
35 2020 14.0167 52.61575 1 2020 5.1167 15.921740000000002 1 2020 15.0500 80.49508 1 2020 8.1167 24.476570000000002 1 2020 3.2500 3.03459 1 2020 28.3000 52.29125 1 2020 16.4667 56.75462999999999 2 2020 44.2333 152.25659 4
36 2020 8.3167 26.08421 1 2020 4.6333 15.80334 1 2020 15.4833 73.75083000000001 2 2020 9.7500 31.108220000000003 2 2020 5.6333 0.72625 1 2020 5.3000 8.897200000000003 1 2020 3.6833 6.818230000000001 2 2020 18.7333 59.6478 4
37 2020 8.0000 29.50292 1 2020 11.4333 57.73148 1 2020 9.7667 30.674579999999995 1 2020 24.6167 44.736380000000004 1 2020 22.3833 27.152050000000003 6 2020 29.2833 91.13179000000001 2
38 2020 1.0833 0 1 2020 13.2667 61.91112000000001 2 2020 7.1167 18.04841 2 2020 46.7333 88.79619999999998 1 2020 2.7167 4.0534799999999995 3 2020 16.9167 53.11227999999999 2
39 2020 18.2500 62.08981 1 2020 30.9333 144.33673000000005 1 2020 15.4833 44.97381999999999 1 2020 17.4167 28.590550000000004 1 2020 5.4167 5.4202200000000005 5 2020 35.2000 95.38344000000001 3
40 2020 29.6167 108.49801 1 2020 6.7333 10.163749999999999 1 2020 33.1667 158.51412 1 2020 18.8500 60.191 1 2020 6.3167 4.33501 1 2020 8.4667 12.92835 1 2020 5.9833 6.536549999999999 4 2020 37.5167 103.3504 5
41 2020 34.5500 124.87823000000002 1 2020 7.7667 24.913350000000005 1 2020 32.2000 157.05232999999998 1 2020 16.6167 52.87543000000001 1 2020 14.0667 14.753110000000003 1 2020 0.0333 0.00054 1 2020 27.1667 75.83518 5
42 2020 22.8167 55.830029999999994 1 2020 9.4167 27.986609999999995 1 2020 37.4333 188.34820000000002 1 2020 17.6667 55.68429999999999 1 2020 12.4333 13.511420000000001 1 2020 24.7833 40.647190000000016 1 2020 14.9500 42.664469999999994 5 2020 18.7833 99.08563 1 2020 16.1333 41.40514999999999 4 2020 29.8833 82.25912000000001 4
43 2020 17.0000 66.95799 1 2020 6.1667 19.53893 1 2020 20.2833 102.47836 1 2020 12.3000 39.15886 1 2020 7.8667 7.45444 1 2020 25.3500 43.403330000000004 1 2020 8.6167 11.315850000000001 4 2020 15.1833 51.8071 1 2020 28.5333 74.31414999999997 4 2020 17.9000 62.101020000000005 3
